'''
Required liabraries
'''

import datetime
import pandas as pd
from sklearn.model_selection import train_test_split
from sklearn.linear_model import LinearRegression
from sklearn.linear_model import ElasticNet
import matplotlib.pyplot as plt
import numpy as np
from sklearn import metrics


'''
Data
'''
dt = datetime.datetime(2014, 1, 1)
end = datetime.datetime(2019, 11, 17)
step = datetime.timedelta(days = 1)

Acquisition_date = []
while dt <= end:
    Acquisition_date.append(dt.strftime('%m/%d/%y'))
    dt += step
    
Facebook = [3, 2, 6, 4, 2, 2, 3, 1, 5, 1, 0, 1, 2, 1, 6, 5, 2, 5, 1, 1, 3, 3, 1, 2, 2, 6, 1, 2, 2, 2, 2, 2, 4, 6, 2, 1, 3, 2, 3, 2, 1, 1, 3, 3, 1, 1, 1, 1, 2, 2, 3, 1, 1, 0, 1, 1, 3, 4, 3, 3, 1, 2, 0, 2, 1, 1, 3, 3, 1, 5, 1, 0, 3, 0, 1, 1, 0, 2, 4, 1, 3, 1, 3, 2, 4, 0, 1, 3, 2, 2, 3, 0, 8, 2, 1, 2, 0, 0, 2, 5, 4, 2, 2, 0, 1, 1, 1, 0, 3, 2, 2, 2, 4, 2, 2, 1, 1, 3, 1, 1, 1, 1, 0, 1, 3, 2, 2, 0, 0, 1, 1, 2, 4, 1, 4, 2, 0, 0, 2, 0, 2, 0, 0, 1, 0, 1, 0, 1, 1, 4, 1, 1, 1, 2, 2, 3, 1, 3, 1, 1, 4, 2, 3, 1, 3, 3, 2, 0, 1, 0, 4, 2, 1, 2, 2, 1, 1, 0, 1, 1, 1, 0, 3, 0, 0, 1, 1, 0, 1, 0, 1, 0, 0, 0, 0, 0, 0, 0, 0, 2, 0, 0, 2, 2, 1, 0, 0, 0, 0, 1, 2, 0, 0, 1, 1, 1, 0, 1, 0, 0, 1, 0, 0, 1, 0, 0, 0, 0, 0, 1, 0, 0, 0, 0, 0, 0, 1, 0, 1, 2, 3, 0, 0, 0, 0, 0, 0, 0, 1, 0, 0, 1, 0, 1, 0, 0, 0, 0, 0, 0, 0, 0, 1, 1, 1, 0, 0, 0, 1, 2, 0, 0, 1, 0, 0, 0, 0, 0, 0, 0, 1, 0, 0, 0, 0, 1, 0, 0, 0, 0, 0, 0, 1, 0, 0, 0, 0, 0, 0, 0, 0, 0, 0, 0, 1, 0, 0, 0, 0, 0, 0, 1, 1, 0, 0, 0, 0, 0, 0, 0, 0, 0, 0, 0, 0, 1, 1, 0, 0, 0, 0, 1, 0, 0, 0, 0, 1, 1, 0, 0, 0, 0, 0, 0, 0, 0, 0, 0, 2, 1, 1, 0, 0, 1, 0, 2, 0, 0, 0, 0, 0, 0, 0, 0, 1, 1, 0, 0, 0, 1, 0, 0, 3, 1, 0, 1, 0, 0, 0, 1, 0, 1, 0, 1, 0, 1, 2, 0, 0, 1, 0, 2, 0, 3, 0, 1, 1, 0, 1, 3, 4, 0, 3, 2, 2, 1, 0, 3, 0, 0, 0, 1, 2, 2, 0, 2, 2, 4, 2, 3, 0, 3, 2, 1, 2, 0, 4, 2, 3, 0, 3, 0, 2, 3, 2, 2, 6, 3, 2, 1, 0, 3, 4, 3, 0, 2, 0, 1, 3, 0, 3, 3, 2, 0, 1, 1, 2, 2, 1, 3, 1, 3, 1, 4, 4, 3, 1, 3, 1, 1, 2, 4, 1, 3, 1, 1, 1, 1, 0, 3, 3, 1, 1, 0, 1, 1, 1, 1, 2, 0, 0, 2, 1, 2, 1, 0, 3, 2, 4, 0, 0, 1, 0, 0, 1, 1, 4, 1, 1, 2, 0, 2, 2, 1, 3, 1, 0, 6, 7, 6, 3, 3, 1, 3, 3, 4, 1, 5, 2, 1, 5, 0, 2, 0, 2, 6, 0, 5, 3, 1, 0, 2, 0, 0, 3, 5, 3, 7, 8, 2, 2, 4, 2, 4, 6, 4, 4, 1, 3, 3, 5, 3, 2, 1, 1, 0, 3, 2, 5, 1, 3, 1, 3, 5, 0, 1, 2, 1, 0, 3, 3, 3, 1, 0, 5, 1, 1, 3, 4, 5, 3, 2, 1, 1, 2, 6, 2, 6, 6, 2, 6, 4, 10, 7, 7, 9, 7, 7, 5, 9, 2, 10, 9, 6, 7, 4, 7, 5, 6, 11, 9, 20, 16, 23, 5, 12, 19, 21, 17, 22, 13, 8, 10, 18, 11, 17, 21, 21, 16, 14, 9, 15, 13, 21, 14, 16, 16, 14, 3, 8, 17, 10, 9, 7, 13, 10, 8, 4, 10, 6, 8, 12, 2, 11, 5, 8, 14, 16, 8, 6, 7, 13, 15, 11, 7, 12, 5, 8, 11, 8, 10, 3, 7, 6, 5, 15, 15, 11, 21, 40, 49, 32, 36, 33, 29, 24, 19, 21, 25, 10, 20, 24, 9, 21, 11, 10, 22, 12, 15, 12, 13, 9, 6, 8, 8, 7, 6, 6, 1, 7, 9, 8, 8, 8, 9, 7, 6, 4, 7, 3, 5, 8, 7, 8, 3, 3, 8, 5, 10, 13, 6, 3, 12, 7, 9, 5, 4, 6, 9, 12, 11, 10, 9, 5, 6, 11, 10, 15, 13, 11, 6, 9, 9, 13, 14, 11, 13, 4, 13, 10, 10, 11, 11, 12, 4, 12, 11, 14, 15, 25, 22, 37, 28, 35, 36, 40, 31, 35, 20, 14, 21, 21, 24, 26, 17, 20, 30, 12, 18, 24, 19, 18, 14, 15, 14, 14, 13, 11, 12, 20, 15, 8, 8, 10, 6, 13, 3, 9, 11, 12, 11, 14, 10, 8, 10, 19, 10, 11, 15, 10, 8, 10, 8, 11, 15, 15, 7, 4, 14, 12, 13, 10, 7, 10, 6, 7, 11, 10, 7, 10, 12, 4, 8, 8, 6, 11, 6, 8, 8, 6, 8, 4, 13, 13, 31, 23, 22, 18, 27, 11, 19, 27, 16, 27, 29, 18, 17, 19, 19, 18, 27, 12, 30, 19, 15, 27, 23, 19, 30, 23, 20, 16, 22, 17, 17, 9, 17, 14, 20, 21, 14, 14, 12, 12, 15, 15, 17, 13, 6, 12, 17, 13, 22, 13, 14, 15, 17, 17, 13, 10, 9, 12, 14, 20, 13, 23, 21, 12, 14, 16, 17, 20, 16, 16, 17, 13, 14, 19, 18, 8, 18, 17, 8, 6, 12, 32, 44, 31, 28, 14, 16, 29, 36, 27, 33, 33, 24, 19, 22, 26, 18, 22, 30, 23, 20, 24, 28, 31, 59, 39, 30, 32, 44, 49, 45, 56, 49, 36, 54, 54, 51, 51, 44, 37, 40, 45, 39, 47, 31, 40, 43, 33, 49, 46, 32, 30, 37, 38, 31, 25, 36, 25, 38, 24, 26, 18, 30, 38, 27, 33, 25, 32, 35, 30, 26, 36, 31, 31, 31, 28, 31, 35, 34, 25, 35, 24, 28, 28, 30, 16, 26, 28, 18, 30, 24, 33, 29, 34, 33, 38, 22, 38, 33, 40, 31, 26, 32, 35, 29, 26, 27, 31, 26, 17, 20, 21, 26, 21, 23, 26, 21, 19, 13, 28, 28, 30, 30, 11, 29, 26, 20, 31, 26, 42, 25, 22, 24, 21, 25, 32, 30, 28, 27, 23, 28, 24, 34, 22, 28, 14, 20, 23, 25, 22, 34, 35, 19, 30, 31, 33, 30, 22, 27, 20, 21, 18, 29, 42, 22, 19, 18, 15, 17, 18, 21, 22, 17, 12, 27, 26, 26, 17, 25, 19, 21, 32, 55, 35, 63, 34, 36, 43, 33, 33, 41, 25, 41, 38, 25, 33, 36, 26, 23, 18, 33, 30, 23, 23, 34, 39, 32, 44, 28, 28, 35, 28, 41, 48, 33, 24, 22, 44, 35, 34, 31, 32, 27, 31, 31, 29, 31, 23, 28, 32, 23, 27, 33, 36, 22, 23, 18, 21, 30, 22, 24, 20, 23, 24, 23, 30, 25, 34, 26, 35, 37, 38, 30, 41, 32, 30, 27, 30, 25, 42, 25, 22, 27, 33, 33, 29, 29, 39, 26, 28, 28, 28, 35, 29, 28, 34, 28, 27, 29, 20, 14, 11, 11, 16, 18, 23, 20, 16, 25, 19, 16, 18, 16, 11, 12, 22, 17, 20, 26, 19, 23, 14, 11, 9, 18, 23, 15, 25, 13, 13, 8, 22, 18, 12, 34, 41, 29, 32, 27, 28, 36, 50, 52, 33, 38, 35, 33, 31, 36, 24, 36, 26, 27, 12, 37, 22, 32, 22, 25, 24, 21, 26, 27, 28, 21, 27, 22, 26, 20, 21, 29, 18, 18, 29, 11, 23, 19, 26, 27, 18, 30, 32, 29, 33, 34, 45, 53, 44, 27, 29, 33, 44, 44, 28, 23, 25, 24, 26, 22, 29, 45, 31, 29, 36, 23, 28, 33, 25, 25, 30, 24, 32, 27, 28, 28, 33, 38, 27, 35, 37, 28, 32, 19, 31, 24, 24, 24, 26, 34, 20, 33, 21, 14, 32, 18, 13, 19, 13, 20, 19, 14, 18, 18, 18, 18, 20, 22, 29, 23, 27, 23, 23, 24, 21, 26, 23, 15, 30, 24, 16, 17, 20, 18, 15, 17, 25, 18, 15, 28, 16, 25, 27, 29, 17, 25, 16, 38, 13, 19, 21, 17, 16, 17, 20, 27, 18, 21, 20, 19, 26, 28, 17, 31, 18, 23, 18, 16, 26, 20, 17, 26, 28, 15, 23, 25, 24, 34, 25, 29, 18, 20, 21, 28, 38, 22, 24, 35, 41, 34, 28, 26, 30, 36, 18, 22, 21, 22, 15, 21, 12, 20, 29, 31, 34, 27, 28, 30, 31, 26, 39, 26, 28, 24, 25, 20, 28, 23, 28, 26, 34, 25, 22, 26, 14, 37, 29, 26, 26, 26, 32, 42, 44, 44, 23, 18, 28, 26, 37, 25, 25, 25, 26, 23, 25, 40, 33, 31, 21, 35, 38, 39, 32, 25, 27, 21, 25, 32, 34, 34, 43, 29, 29, 28, 26, 31, 27, 36, 39, 21, 32, 23, 23, 28, 21, 19, 15, 34, 31, 26, 22, 24, 32, 34, 25, 21, 32, 22, 19, 20, 23, 20, 19, 23, 27, 22, 17, 17, 17, 20, 25, 19, 20, 18, 17, 14, 5, 10, 13, 21, 13, 24, 17, 10, 7, 13, 7, 8, 9, 10, 29, 21, 16, 10, 21, 18, 15, 14, 13, 16, 21, 15, 16, 12, 21, 27, 25, 25, 27, 27, 37, 28, 40, 30, 33, 30, 18, 27, 32, 21, 29, 29, 22, 31, 21, 43, 25, 35, 31, 47, 61, 65, 51, 62, 61, 39, 61, 50, 60, 54, 67, 50, 39, 47, 60, 43, 46, 52, 49, 42, 62, 63, 58, 79, 79, 46, 41, 40, 56, 44, 34, 43, 52, 57, 67, 73, 98, 94, 95, 84, 74, 54, 52, 47, 38, 26, 42, 61, 63, 69, 93, 104, 72, 81, 85, 89, 71, 91, 84, 68, 69, 76, 93, 97, 85, 82, 87, 100, 99, 106, 85, 95, 81, 102, 116, 140, 106, 99, 121, 93, 111, 130, 139, 128, 139, 120, 127, 140, 130, 178, 197, 220, 200, 194, 205, 226, 198, 154, 172, 92, 82, 52, 88, 125, 147, 132, 137, 154, 148, 186, 195, 179, 162, 131, 177, 191, 169, 172, 202, 169, 165, 194, 225, 207, 227, 219, 246, 208, 206, 237, 221, 188, 172, 199, 174, 198, 182, 169, 125, 113, 152, 132, 168, 144, 118, 131, 121, 125, 111, 113, 177, 161, 184, 154, 142, 146, 156, 153, 198, 170, 154, 167, 129, 162, 178, 169, 182, 188, 169, 155, 139, 170, 174, 188, 137, 158, 131, 156, 169, 163, 142, 158, 109, 127, 109, 116, 112, 139, 137, 131, 124, 108, 139, 162, 147, 113, 124, 148, 160, 151, 126, 139, 127, 123, 134, 116, 152, 122, 115, 142, 120, 135, 132, 113, 108, 149, 153, 159, 128, 147, 280, 267, 252, 225, 214, 204, 192, 202, 275, 235, 215, 222, 254, 196, 198, 190, 169, 158, 149, 131, 135, 139, 141, 160, 173, 150, 138, 167, 159, 159, 199, 173, 145, 135, 128, 150, 147, 120, 121, 117, 115, 110, 118, 119, 127, 212, 191, 182, 196, 169, 146, 159, 175, 147, 212, 190, 160, 213, 233, 206, 225, 181, 201, 227, 190, 225, 241, 232, 226, 209, 183, 141, 147, 144, 150, 157, 158, 153, 148, 115, 158, 134, 135, 157, 146, 147, 159, 213, 175, 213, 230, 266, 213, 218, 176, 212, 172, 213, 211, 183, 167, 199, 230, 182, 215, 253, 202, 210, 198, 196, 161, 173, 218, 171, 188, 199, 220, 218, 241, 232, 255, 307, 257, 262, 201, 247, 250, 232, 255, 210, 210, 225, 206, 250, 220, 168, 157, 159, 202, 180, 167, 167, 174, 164, 190, 202, 191, 202, 138, 162, 217, 173, 142, 179, 216, 183, 177, 209, 195, 154, 161, 217, 218, 196, 255, 199, 230, 177, 186, 237, 222, 229, 199, 191, 199, 213, 186, 298, 300, 337, 369, 355, 291, 281, 286, 322, 335, 332, 299, 392, 264, 193, 165, 157, 129, 136, 153, 161, 162, 172, 154, 150, 162, 119, 171, 163, 241, 243, 233, 207, 243, 294, 278, 284, 282, 263, 289, 338, 313, 319, 325, 368, 355, 335, 293, 258, 259, 240, 242, 205, 210, 224, 203, 219, 157, 119, 161, 188, 212, 224, 258, 269, 259, 286, 307, 317, 282, 284, 245, 222, 197, 194, 197, 209, 267, 254, 245, 247, 267, 243, 201, 163, 169, 166, 136, 121, 146, 242, 193, 220, 187, 238, 198, 212, 211, 256, 242, 201, 225, 239, 242, 191, 241, 219, 181, 213, 201, 206, 207, 146, 171, 165, 142, 148, 176, 174, 167, 185, 166, 195, 238, 257, 253, 235, 231, 229, 209, 227, 252, 249, 235, 250, 245, 209]
Google_Adwords = [14, 15, 10, 30, 19, 22, 20, 24, 18, 30, 15, 18, 15, 18, 15, 22, 25, 21, 24, 19, 26, 35, 20, 19, 19, 21, 22, 15, 38, 25, 26, 28, 21, 26, 28, 22, 22, 29, 23, 31, 31, 18, 26, 25, 20, 21, 20, 13, 13, 17, 18, 11, 23, 13, 18, 21, 50, 27, 12, 7, 12, 15, 18, 12, 15, 20, 15, 9, 15, 19, 23, 23, 8, 26, 20, 16, 16, 14, 18, 21, 14, 19, 16, 20, 9, 26, 22, 24, 15, 11, 17, 9, 20, 18, 28, 16, 19, 15, 26, 22, 15, 24, 17, 23, 16, 20, 21, 20, 18, 12, 16, 15, 16, 20, 14, 17, 9, 31, 16, 17, 14, 14, 13, 16, 14, 16, 16, 25, 20, 19, 11, 12, 9, 7, 13, 13, 9, 6, 11, 13, 19, 14, 6, 22, 15, 25, 15, 11, 16, 12, 13, 13, 14, 12, 16, 12, 15, 17, 9, 19, 21, 6, 12, 17, 21, 15, 8, 6, 15, 18, 14, 16, 18, 11, 11, 17, 12, 16, 12, 17, 13, 20, 20, 20, 10, 18, 15, 10, 19, 11, 11, 8, 9, 11, 7, 12, 17, 14, 15, 11, 13, 12, 10, 10, 10, 15, 13, 11, 7, 14, 21, 14, 18, 10, 11, 8, 10, 11, 12, 11, 11, 9, 5, 13, 12, 12, 15, 10, 10, 14, 16, 10, 8, 11, 8, 12, 6, 5, 21, 15, 9, 17, 7, 4, 9, 11, 14, 10, 11, 12, 9, 18, 17, 19, 28, 15, 5, 13, 18, 18, 26, 8, 15, 7, 12, 19, 20, 10, 13, 11, 17, 8, 29, 10, 14, 11, 14, 8, 9, 8, 19, 11, 18, 14, 14, 13, 13, 17, 7, 12, 19, 15, 10, 17, 17, 13, 14, 18, 20, 11, 10, 17, 12, 10, 16, 11, 12, 17, 16, 14, 7, 14, 10, 18, 23, 16, 11, 17, 13, 16, 13, 11, 12, 19, 11, 13, 20, 15, 14, 9, 12, 19, 17, 11, 16, 8, 6, 6, 15, 16, 10, 9, 20, 18, 9, 9, 15, 15, 9, 8, 8, 9, 13, 15, 10, 15, 13, 14, 12, 12, 13, 11, 2, 13, 7, 4, 11, 13, 9, 11, 9, 14, 11, 12, 9, 8, 14, 11, 8, 14, 8, 9, 5, 16, 8, 9, 11, 14, 11, 5, 19, 6, 7, 9, 13, 9, 14, 17, 10, 9, 13, 20, 15, 11, 7, 14, 11, 13, 18, 16, 11, 10, 9, 11, 23, 21, 18, 8, 14, 16, 11, 13, 15, 15, 12, 18, 17, 7, 16, 14, 8, 9, 11, 15, 12, 17, 21, 17, 24, 14, 14, 12, 9, 18, 17, 9, 6, 13, 16, 5, 15, 14, 13, 14, 14, 13, 10, 16, 19, 10, 16, 14, 19, 20, 24, 18, 21, 30, 22, 15, 15, 26, 30, 22, 20, 16, 18, 19, 18, 12, 10, 20, 15, 16, 17, 16, 12, 12, 21, 10, 22, 15, 26, 24, 11, 21, 22, 18, 17, 13, 13, 14, 19, 16, 14, 11, 17, 29, 10, 22, 17, 31, 16, 18, 15, 27, 28, 22, 33, 22, 17, 26, 20, 23, 19, 16, 18, 17, 18, 11, 29, 24, 21, 11, 21, 13, 10, 21, 24, 23, 14, 20, 17, 16, 25, 24, 20, 22, 16, 19, 10, 13, 19, 18, 18, 12, 25, 18, 18, 17, 21, 16, 19, 19, 16, 22, 21, 17, 15, 38, 21, 20, 16, 18, 20, 22, 18, 23, 22, 21, 20, 16, 19, 22, 20, 13, 19, 15, 15, 18, 15, 12, 13, 14, 22, 14, 31, 22, 31, 19, 26, 28, 23, 24, 33, 21, 10, 15, 22, 16, 20, 27, 24, 21, 28, 20, 15, 28, 18, 13, 16, 21, 23, 21, 16, 24, 27, 18, 29, 18, 21, 21, 27, 30, 22, 23, 21, 25, 17, 22, 32, 26, 13, 36, 22, 27, 32, 18, 21, 15, 36, 26, 13, 22, 21, 18, 22, 28, 15, 21, 22, 23, 28, 14, 39, 30, 34, 19, 25, 27, 38, 27, 37, 25, 34, 18, 30, 31, 29, 43, 21, 37, 25, 18, 25, 29, 21, 29, 34, 31, 34, 37, 25, 32, 29, 31, 35, 35, 27, 33, 34, 33, 30, 36, 37, 30, 38, 34, 39, 41, 30, 38, 23, 27, 21, 20, 26, 43, 36, 24, 35, 23, 25, 36, 25, 24, 26, 32, 30, 15, 23, 26, 29, 24, 27, 27, 12, 20, 27, 30, 26, 17, 31, 35, 23, 22, 17, 17, 36, 40, 22, 37, 28, 38, 31, 40, 24, 31, 31, 27, 19, 29, 28, 22, 39, 41, 38, 29, 36, 29, 25, 39, 27, 29, 16, 25, 28, 38, 29, 28, 32, 30, 34, 37, 26, 33, 40, 27, 23, 17, 21, 34, 18, 27, 23, 29, 32, 25, 33, 20, 37, 19, 26, 26, 22, 31, 26, 32, 22, 28, 16, 24, 19, 24, 24, 12, 23, 26, 18, 15, 24, 20, 31, 22, 22, 33, 23, 26, 22, 23, 27, 23, 17, 16, 22, 28, 24, 34, 20, 36, 22, 25, 22, 31, 20, 22, 26, 35, 22, 36, 25, 24, 22, 31, 24, 29, 20, 32, 34, 29, 25, 35, 29, 34, 32, 26, 29, 31, 24, 32, 23, 33, 33, 21, 33, 23, 31, 34, 40, 29, 48, 26, 24, 45, 40, 35, 44, 39, 30, 30, 42, 40, 35, 49, 42, 41, 36, 31, 31, 36, 35, 26, 44, 32, 44, 31, 45, 32, 36, 34, 31, 38, 37, 35, 25, 40, 31, 44, 39, 20, 26, 35, 32, 58, 42, 43, 40, 36, 43, 36, 36, 43, 56, 53, 44, 37, 36, 37, 35, 32, 46, 50, 46, 46, 61, 89, 131, 116, 122, 67, 94, 95, 123, 128, 98, 98, 110, 117, 87, 98, 123, 119, 108, 90, 82, 85, 95, 99, 98, 110, 93, 89, 93, 77, 90, 87, 85, 80, 74, 58, 69, 93, 80, 92, 72, 80, 84, 70, 83, 69, 92, 85, 67, 90, 109, 97, 101, 87, 94, 90, 108, 92, 83, 71, 74, 80, 76, 94, 66, 76, 72, 78, 72, 75, 73, 87, 86, 94, 119, 118, 113, 97, 109, 79, 93, 95, 79, 86, 94, 95, 95, 80, 83, 67, 83, 88, 65, 76, 80, 92, 69, 66, 72, 67, 60, 67, 71, 56, 58, 63, 64, 66, 57, 46, 52, 56, 71, 62, 74, 65, 73, 66, 64, 57, 61, 63, 79, 65, 51, 57, 74, 63, 65, 44, 67, 41, 52, 63, 74, 63, 62, 72, 68, 58, 72, 74, 70, 81, 61, 59, 78, 61, 59, 55, 77, 62, 58, 72, 48, 82, 73, 58, 63, 47, 66, 58, 62, 78, 72, 55, 50, 55, 75, 69, 72, 74, 80, 70, 51, 74, 60, 56, 71, 74, 53, 60, 52, 71, 66, 78, 70, 73, 73, 68, 73, 52, 77, 64, 53, 63, 55, 52, 68, 52, 64, 52, 57, 59, 77, 72, 71, 70, 74, 63, 62, 53, 62, 91, 75, 77, 65, 71, 66, 58, 63, 50, 58, 65, 61, 75, 57, 48, 75, 60, 51, 52, 53, 51, 57, 51, 46, 48, 60, 55, 60, 39, 54, 48, 51, 41, 50, 51, 57, 64, 51, 52, 69, 53, 56, 59, 52, 46, 51, 52, 48, 41, 48, 47, 52, 54, 57, 36, 41, 44, 50, 40, 36, 56, 53, 35, 61, 43, 39, 37, 50, 40, 45, 54, 57, 41, 34, 43, 42, 61, 45, 55, 36, 33, 33, 42, 39, 47, 47, 32, 44, 33, 34, 36, 54, 38, 44, 48, 37, 50, 37, 42, 47, 45, 46, 47, 56, 56, 47, 65, 44, 89, 118, 101, 82, 69, 88, 67, 62, 61, 48, 51, 43, 34, 48, 40, 55, 57, 29, 41, 40, 43, 38, 51, 54, 50, 55, 40, 38, 43, 42, 31, 35, 32, 38, 36, 36, 36, 31, 52, 51, 60, 59, 69, 85, 80, 86, 82, 68, 71, 86, 65, 85, 80, 72, 70, 67, 71, 52, 57, 57, 67, 77, 68, 76, 45, 59, 59, 68, 83, 51, 58, 34, 52, 65, 70, 47, 47, 54, 59, 57, 49, 67, 62, 59, 36, 48, 41, 32, 50, 59, 56, 50, 49, 48, 41, 48, 37, 36, 44, 47, 42, 47, 46, 43, 37, 44, 47, 49, 63, 36, 44, 49, 51, 35, 50, 52, 39, 43, 42, 34, 43, 45, 43, 57, 62, 55, 49, 50, 51, 41, 61, 37, 51, 48, 37, 56, 51, 58, 53, 41, 41, 49, 49, 61, 35, 38, 46, 52, 39, 33, 45, 61, 57, 41, 36, 42, 49, 45, 33, 48, 32, 32, 55, 54, 59, 39, 45, 43, 47, 53, 33, 61, 66, 52, 44, 54, 64, 63, 47, 46, 52, 41, 25, 33, 36, 50, 34, 45, 33, 44, 45, 38, 42, 54, 56, 51, 32, 48, 51, 41, 59, 47, 36, 49, 41, 45, 58, 59, 51, 47, 47, 42, 48, 54, 47, 51, 57, 51, 43, 46, 69, 73, 50, 35, 47, 46, 49, 49, 56, 56, 42, 45, 49, 64, 56, 54, 60, 52, 55, 57, 66, 56, 54, 52, 49, 40, 68, 52, 65, 55, 53, 47, 55, 54, 61, 62, 59, 44, 55, 37, 39, 48, 28, 59, 52, 51, 46, 39, 46, 39, 35, 33, 55, 52, 49, 41, 36, 40, 47, 42, 49, 41, 40, 53, 43, 32, 44, 24, 37, 35, 40, 40, 33, 29, 30, 34, 31, 32, 37, 46, 27, 30, 32, 42, 43, 31, 32, 29, 44, 48, 31, 36, 34, 30, 30, 32, 39, 41, 38, 36, 34, 34, 38, 43, 40, 44, 32, 53, 46, 46, 36, 46, 30, 45, 41, 45, 52, 49, 48, 57, 53, 61, 62, 50, 67, 63, 71, 60, 83, 73, 44, 56, 63, 66, 71, 75, 58, 58, 52, 51, 58, 59, 68, 54, 41, 48, 46, 59, 54, 51, 55, 68, 65, 35, 48, 71, 52, 71, 60, 53, 53, 66, 82, 71, 69, 57, 67, 80, 81, 69, 55, 73, 67, 59, 73, 64, 88, 86, 65, 59, 71, 77, 83, 84, 76, 89, 64, 66, 68, 63, 69, 80, 68, 78, 84, 73, 80, 67, 81, 73, 71, 82, 71, 68, 59, 65, 65, 52, 45, 65, 83, 64, 71, 70, 85, 66, 67, 93, 82, 80, 84, 77, 81, 86, 110, 77, 68, 65, 66, 70, 63, 64, 65, 87, 80, 72, 66, 62, 83, 72, 69, 82, 69, 86, 83, 73, 83, 100, 81, 84, 107, 83, 109, 82, 83, 98, 80, 70, 78, 77, 72, 72, 67, 58, 74, 72, 53, 54, 56, 68, 59, 60, 62, 66, 70, 63, 65, 54, 68, 69, 67, 64, 63, 65, 70, 74, 80, 73, 54, 77, 75, 62, 81, 73, 75, 67, 73, 53, 64, 70, 71, 83, 52, 55, 55, 67, 61, 61, 71, 50, 52, 58, 53, 54, 50, 66, 52, 44, 63, 57, 64, 74, 59, 56, 53, 59, 50, 65, 56, 59, 59, 56, 75, 47, 59, 44, 56, 45, 63, 55, 49, 45, 65, 54, 52, 52, 45, 55, 78, 63, 58, 65, 56, 52, 61, 53, 48, 49, 54, 71, 82, 53, 58, 63, 53, 50, 64, 53, 49, 54, 71, 60, 64, 55, 53, 43, 60, 50, 62, 46, 48, 48, 60, 76, 76, 56, 49, 57, 44, 60, 61, 59, 41, 66, 75, 59, 50, 59, 50, 64, 71, 70, 87, 83, 63, 80, 63, 69, 80, 60, 63, 71, 53, 71, 75, 65, 77, 58, 73, 66, 73, 58, 73, 67, 65, 69, 69, 81, 69, 62, 71, 74, 78, 77, 74, 62, 76, 87, 62, 85, 82, 65, 78, 86, 77, 79, 71, 67, 86, 88, 66, 59, 80, 70, 78, 81, 64, 70, 64, 61, 70, 61, 57, 60, 100, 77, 75, 74, 69, 73, 67, 95, 56, 84, 70, 75, 92, 68, 62, 61, 84, 90, 68, 62, 77, 67, 78, 55, 70, 66, 85, 53, 62, 64, 73, 62, 81, 59, 75, 51, 53, 58, 82, 63, 48, 68, 60, 68, 63, 77, 74, 82, 69, 72, 59, 74, 69, 70, 57, 58, 70, 65, 65, 64, 69, 60, 74, 69, 90, 92, 81, 75, 90, 78, 89, 75, 94, 101, 56, 72, 50, 59, 60, 61, 60, 45, 55, 57, 52, 65, 67, 56, 52, 42, 58, 59, 83, 68, 68, 84, 57, 92, 83, 73, 97, 83, 78, 74, 96, 109, 115, 83, 102, 82, 94, 85, 78, 57, 64, 80, 101, 77, 70, 48, 67, 83, 93, 81, 95, 79, 76, 77, 91, 92, 90, 90, 86, 92, 70, 69, 69, 71, 86, 80, 80, 84, 85, 74, 79, 70, 68, 64, 81, 62, 69, 69, 65, 72, 80, 74, 63, 72, 90, 80, 96, 92, 69, 88, 89, 72, 92, 97, 96, 78, 97, 75, 75, 88, 68, 69, 65, 74, 80, 79, 76, 84, 78, 85, 98, 72, 96, 91, 75, 80, 64, 71, 74, 81, 98, 101, 106, 75]
Media_Buying = [0, 1, 0, 3, 1, 2, 0, 0, 1, 2, 3, 1, 3, 5, 2, 5, 0, 2, 2, 2, 2, 3, 1, 2, 1, 1, 3, 1, 2, 2, 2, 0, 0, 0, 1, 1, 0, 3, 1, 1, 1, 0, 1, 2, 1, 4, 5, 3, 7, 9, 5, 6, 5, 7, 3, 5, 8, 12, 5, 4, 5, 4, 2, 6, 7, 8, 5, 9, 1, 3, 4, 4, 7, 8, 3, 2, 4, 4, 5, 5, 5, 5, 6, 4, 4, 5, 6, 3, 4, 4, 5, 5, 8, 5, 2, 6, 6, 1, 5, 4, 2, 2, 4, 3, 3, 5, 6, 7, 5, 7, 10, 9, 6, 3, 6, 7, 6, 5, 4, 5, 4, 4, 5, 3, 2, 4, 2, 4, 2, 7, 1, 4, 4, 3, 1, 2, 0, 2, 1, 4, 5, 2, 2, 5, 1, 6, 1, 3, 1, 3, 1, 2, 4, 1, 2, 4, 5, 3, 0, 4, 7, 3, 1, 4, 5, 3, 5, 3, 5, 4, 7, 3, 2, 6, 3, 5, 4, 7, 4, 2, 2, 3, 5, 6, 2, 3, 3, 5, 9, 5, 3, 2, 2, 2, 4, 5, 5, 3, 6, 7, 3, 4, 1, 5, 7, 6, 2, 1, 0, 6, 5, 5, 4, 4, 2, 3, 3, 4, 3, 4, 8, 2, 7, 4, 7, 5, 3, 3, 4, 2, 4, 2, 6, 1, 8, 9, 2, 6, 5, 6, 4, 2, 3, 7, 7, 4, 4, 6, 6, 3, 8, 3, 10, 7, 3, 11, 7, 6, 2, 5, 3, 5, 6, 7, 8, 5, 6, 3, 5, 6, 6, 5, 5, 7, 7, 4, 4, 3, 3, 2, 5, 7, 2, 12, 4, 4, 1, 6, 4, 6, 3, 3, 3, 1, 4, 11, 8, 11, 5, 4, 4, 8, 7, 10, 14, 7, 8, 2, 9, 5, 5, 4, 4, 5, 2, 6, 4, 7, 7, 2, 1, 3, 2, 6, 3, 10, 2, 3, 4, 8, 6, 3, 5, 4, 4, 5, 1, 7, 2, 7, 2, 4, 6, 4, 2, 2, 3, 4, 4, 1, 4, 4, 12, 7, 5, 5, 4, 10, 5, 0, 3, 5, 4, 3, 1, 7, 4, 4, 4, 2, 5, 4, 3, 4, 2, 1, 3, 6, 8, 4, 2, 7, 4, 2, 5, 5, 6, 7, 0, 3, 6, 3, 4, 3, 3, 7, 1, 5, 3, 4, 7, 11, 5, 2, 11, 8, 10, 5, 7, 6, 7, 6, 5, 11, 7, 8, 13, 1, 8, 14, 5, 8, 6, 9, 2, 8, 7, 8, 9, 1, 7, 3, 7, 2, 3, 6, 15, 5, 8, 6, 10, 10, 6, 6, 6, 3, 3, 2, 2, 4, 3, 10, 2, 3, 13, 8, 9, 8, 15, 8, 10, 11, 6, 11, 5, 12, 4, 6, 5, 8, 12, 13, 10, 5, 8, 2, 9, 9, 16, 25, 27, 21, 24, 3, 10, 6, 4, 5, 3, 3, 6, 5, 7, 6, 2, 12, 10, 9, 12, 15, 13, 4, 5, 7, 17, 8, 14, 13, 12, 17, 14, 12, 3, 8, 4, 7, 14, 8, 11, 13, 20, 11, 8, 16, 21, 15, 16, 21, 12, 8, 34, 11, 17, 16, 17, 11, 4, 12, 23, 13, 16, 16, 7, 6, 6, 10, 7, 15, 22, 17, 8, 22, 15, 18, 16, 21, 11, 6, 24, 13, 12, 16, 10, 6, 7, 3, 18, 17, 20, 22, 19, 14, 14, 25, 24, 29, 22, 24, 4, 15, 24, 28, 22, 16, 10, 4, 16, 13, 8, 17, 10, 6, 5, 9, 7, 5, 12, 8, 13, 4, 10, 11, 8, 8, 6, 3, 4, 10, 3, 13, 6, 9, 3, 5, 6, 7, 9, 6, 8, 8, 4, 5, 9, 9, 11, 8, 16, 3, 12, 10, 12, 13, 11, 7, 5, 4, 13, 10, 5, 4, 8, 8, 9, 5, 8, 10, 7, 3, 3, 11, 9, 8, 7, 9, 8, 6, 3, 10, 10, 6, 8, 13, 6, 7, 8, 8, 5, 11, 21, 4, 2, 8, 15, 12, 9, 8, 5, 5, 11, 10, 7, 12, 9, 8, 12, 5, 10, 11, 10, 7, 5, 7, 10, 13, 8, 12, 12, 7, 12, 15, 20, 4, 8, 10, 6, 11, 2, 3, 7, 10, 14, 7, 8, 11, 7, 9, 10, 9, 3, 7, 8, 11, 5, 4, 7, 3, 9, 6, 14, 4, 5, 7, 5, 10, 9, 12, 7, 6, 4, 6, 8, 6, 10, 4, 9, 7, 5, 4, 11, 12, 12, 12, 5, 6, 6, 9, 12, 9, 7, 13, 5, 5, 6, 14, 7, 5, 5, 7, 9, 6, 6, 12, 12, 9, 4, 3, 8, 21, 13, 7, 17, 5, 6, 9, 12, 12, 5, 10, 4, 9, 8, 12, 6, 3, 7, 7, 5, 9, 6, 8, 14, 11, 10, 11, 6, 12, 13, 15, 11, 9, 9, 6, 6, 4, 5, 1, 1, 7, 4, 7, 5, 5, 8, 11, 4, 6, 8, 7, 4, 2, 4, 9, 2, 9, 7, 6, 7, 3, 5, 6, 4, 8, 4, 7, 4, 3, 7, 8, 9, 3, 5, 5, 1, 3, 7, 7, 4, 9, 6, 3, 5, 7, 7, 9, 8, 5, 3, 4, 8, 6, 7, 16, 9, 4, 11, 7, 6, 9, 6, 4, 6, 9, 11, 12, 6, 11, 10, 6, 8, 12, 10, 7, 2, 7, 7, 6, 15, 10, 10, 9, 9, 9, 13, 6, 6, 10, 10, 5, 9, 10, 9, 4, 10, 11, 6, 10, 15, 9, 7, 2, 8, 6, 2, 13, 3, 2, 4, 8, 6, 11, 9, 10, 4, 2, 7, 8, 7, 4, 7, 9, 9, 6, 8, 9, 3, 12, 16, 22, 21, 12, 12, 20, 17, 19, 20, 14, 11, 12, 18, 18, 17, 15, 12, 13, 15, 13, 16, 18, 23, 22, 13, 21, 23, 13, 17, 17, 14, 18, 10, 11, 17, 19, 18, 16, 9, 10, 23, 19, 26, 17, 18, 15, 17, 15, 12, 19, 9, 11, 15, 8, 13, 23, 17, 13, 17, 9, 5, 12, 8, 11, 14, 22, 17, 14, 12, 10, 21, 23, 33, 18, 21, 20, 13, 13, 27, 19, 15, 16, 10, 13, 14, 17, 11, 18, 18, 18, 16, 19, 18, 20, 17, 17, 6, 16, 14, 15, 15, 18, 23, 18, 19, 21, 15, 9, 10, 11, 14, 15, 17, 16, 13, 6, 16, 11, 10, 15, 17, 10, 11, 15, 14, 6, 14, 10, 13, 20, 9, 18, 15, 22, 18, 20, 13, 12, 16, 22, 22, 12, 15, 17, 12, 18, 15, 9, 15, 13, 16, 14, 20, 17, 19, 12, 19, 8, 14, 16, 16, 16, 7, 15, 20, 10, 14, 21, 15, 8, 12, 14, 17, 19, 30, 25, 21, 21, 17, 21, 29, 22, 21, 19, 21, 22, 17, 21, 35, 15, 8, 15, 10, 18, 13, 11, 15, 11, 21, 8, 16, 11, 17, 20, 18, 21, 18, 19, 20, 9, 14, 14, 16, 11, 12, 16, 15, 15, 15, 15, 8, 22, 16, 18, 16, 23, 15, 21, 21, 12, 13, 29, 15, 21, 21, 11, 21, 18, 24, 14, 22, 15, 13, 26, 21, 29, 28, 29, 21, 18, 25, 37, 26, 34, 23, 18, 19, 27, 16, 27, 19, 36, 20, 29, 17, 15, 28, 24, 14, 19, 23, 6, 25, 23, 22, 12, 14, 10, 16, 23, 18, 27, 23, 23, 20, 6, 21, 24, 16, 22, 18, 4, 15, 21, 19, 19, 15, 14, 7, 9, 14, 12, 13, 12, 9, 11, 21, 22, 24, 13, 19, 11, 14, 13, 18, 15, 15, 13, 10, 23, 17, 17, 13, 7, 8, 15, 7, 11, 7, 6, 9, 8, 11, 5, 6, 6, 8, 9, 6, 7, 9, 8, 6, 14, 11, 1, 4, 7, 3, 4, 3, 4, 10, 7, 9, 8, 5, 6, 4, 8, 11, 3, 11, 11, 8, 6, 3, 7, 3, 8, 7, 13, 9, 7, 3, 3, 4, 1, 7, 8, 8, 5, 7, 9, 5, 5, 7, 4, 1, 6, 2, 8, 8, 5, 10, 8, 13, 10, 7, 10, 4, 16, 5, 9, 10, 11, 8, 10, 10, 5, 11, 10, 7, 6, 3, 5, 11, 3, 8, 2, 7, 8, 8, 8, 7, 7, 6, 12, 13, 5, 10, 5, 8, 12, 9, 5, 7, 8, 5, 6, 3, 4, 5, 5, 4, 6, 9, 7, 6, 5, 11, 5, 8, 5, 3, 10, 10, 4, 6, 5, 3, 8, 8, 6, 10, 7, 11, 6, 6, 7, 4, 7, 8, 15, 9, 17, 10, 5, 13, 8, 7, 20, 15, 16, 10, 12, 4, 12, 16, 22, 15, 17, 20, 25, 22, 30, 17, 18, 20, 13, 6, 7, 13, 17, 10, 13, 6, 3, 13, 7, 7, 10, 10, 11, 12, 18, 12, 9, 15, 9, 15, 16, 12, 12, 15, 20, 14, 14, 12, 10, 6, 13, 8, 10, 15, 8, 15, 22, 20, 17, 9, 10, 14, 7, 13, 16, 11, 13, 13, 7, 12, 22, 13, 18, 21, 22, 20, 13, 18, 16, 22, 21, 10, 16, 15, 21, 14, 23, 21, 17, 20, 20, 16, 16, 17, 18, 12, 10, 8, 11, 22, 22, 12, 18, 31, 17, 27, 24, 26, 64, 34, 41, 46, 31, 25, 27, 16, 13, 15, 23, 10, 15, 15, 15, 12, 9, 11, 13, 7, 13, 8, 5, 11, 7, 9, 6, 16, 16, 12, 6, 5, 10, 23, 17, 15, 20, 12, 21, 30, 17, 20, 16, 13, 6, 12, 11, 19, 20, 13, 14, 17, 12, 24, 14, 21, 23, 22, 24, 20, 34, 33, 38, 31, 34, 33, 31, 37, 25, 37, 25, 22, 22, 31, 18, 20, 20, 12, 28, 19, 13, 18, 25, 13, 28, 26, 30, 22, 36, 23, 24, 28, 23, 25, 10, 18, 25, 30, 34, 33, 32, 41, 24, 26, 26, 44, 34, 26, 21, 24, 43, 34, 48, 34, 34, 31, 38, 29, 37, 32, 26, 22, 20, 48, 48, 20, 41, 44, 54, 34, 45, 49, 38, 36, 31, 31, 37, 39, 28, 24, 30, 31, 31, 24, 33, 42, 24, 39, 26, 22, 28, 22, 35, 19, 41, 30, 33, 29, 39, 33, 20, 35, 38, 30, 35, 34, 30, 33, 35, 34, 40, 53, 43, 43, 33, 30, 30, 34, 30, 26, 23, 30, 24, 23, 25, 30, 23, 21, 35, 31, 33, 22, 21, 30, 32, 43, 23, 21, 30, 31, 41, 48, 34, 116, 151, 50, 48, 65, 55, 40, 49, 41, 36, 36, 41, 24, 19, 32, 39, 34, 31, 49, 43, 37, 34, 32, 52, 51, 49, 38, 29, 43, 39, 35, 49, 37, 48, 40, 44, 59, 58, 63, 62, 68, 66, 72, 50, 81, 45, 54, 35, 45, 39, 44, 51, 48, 39, 53, 41, 47, 41, 44, 27, 30, 42, 46, 42, 43, 26, 30, 29, 38, 23, 39, 33, 31, 37, 32, 27, 62, 77, 46, 47, 50, 39, 44, 56, 60, 46, 43, 34, 19, 32, 37, 41, 43, 34, 40, 57, 52, 44, 65, 71, 58, 63, 66, 69, 78, 78, 81, 78, 74, 77, 56, 71, 43, 69, 66, 69, 85, 75, 54, 53, 56, 56, 39, 38, 41, 65, 55, 66, 56, 49, 81, 90, 75, 95, 68, 63, 66, 74, 51, 58, 66, 69, 51, 273, 75, 66, 46, 55, 60, 60, 47, 44, 59, 70, 60, 58, 48, 63, 75, 62, 78, 88, 63, 71, 48, 62, 53, 60, 64, 50, 57, 56, 99, 81, 88, 56, 74, 72, 47, 54, 74, 76, 80, 89, 97, 100, 105, 88, 79, 103, 187, 138, 134, 136, 147, 116, 108, 101, 73, 95, 100, 83, 101, 123, 101, 78, 95, 75, 56, 90, 89, 100, 133, 131, 123, 109, 129, 120, 144, 129, 136, 163, 114, 129, 127, 109, 104, 115, 120, 113, 91, 98, 86, 96, 57, 77, 76, 74, 76, 102, 101, 87, 89, 73, 83, 77, 81, 77, 67, 86, 106, 111, 114, 96, 67, 99, 90, 128, 131, 112, 118, 110, 109, 109, 111, 135, 135, 114, 113, 118, 115, 139, 166, 162, 137, 174, 181, 162, 167, 162, 164, 156, 140, 165, 163, 124, 123, 111, 79, 55, 56, 45, 55, 51, 47, 63, 59, 43, 35, 45, 67, 79, 93, 87, 100, 158, 182, 150, 152, 173, 172, 189, 210, 237, 227, 307, 340, 324, 289, 245, 152, 144, 188, 162, 131, 141, 141, 121, 131, 104, 91, 106, 108, 99, 94, 113, 125, 146, 134, 133, 182, 222, 167, 196, 219, 175, 135, 228, 200, 227, 204, 174, 185, 162, 125, 138, 128, 99, 141, 85, 90, 213, 251, 229, 223, 261, 258, 233, 251, 255, 248, 211, 189, 143, 185, 222, 214, 157, 164, 146, 132, 112, 132, 127, 104, 111, 87, 83, 73, 145, 112, 110, 171, 263, 216, 231, 260, 209, 164, 218, 207, 151, 180, 187, 187, 158, 193, 181, 148]
ORGANIC = [7, 9, 22, 7, 19, 13, 12, 18, 22, 15, 14, 9, 11, 11, 14, 15, 10, 22, 14, 24, 15, 25, 26, 15, 22, 13, 9, 11, 27, 11, 20, 19, 8, 11, 16, 14, 13, 19, 16, 13, 10, 16, 12, 24, 8, 12, 12, 16, 12, 7, 11, 12, 13, 15, 16, 20, 26, 16, 22, 25, 14, 11, 20, 21, 19, 28, 19, 13, 16, 9, 18, 15, 9, 14, 13, 10, 11, 8, 12, 8, 9, 15, 13, 21, 20, 21, 17, 15, 4, 14, 8, 13, 19, 16, 17, 20, 16, 11, 19, 17, 20, 11, 14, 23, 17, 19, 11, 18, 12, 11, 7, 14, 17, 4, 10, 13, 6, 16, 17, 20, 12, 23, 15, 14, 15, 14, 11, 14, 20, 12, 18, 15, 14, 10, 12, 10, 13, 8, 11, 6, 11, 10, 6, 16, 10, 11, 13, 19, 8, 9, 9, 6, 13, 15, 14, 12, 17, 16, 12, 11, 9, 13, 19, 24, 19, 15, 13, 19, 12, 18, 16, 21, 13, 15, 16, 18, 14, 19, 19, 10, 14, 13, 13, 13, 12, 23, 14, 21, 5, 12, 15, 12, 13, 8, 12, 20, 11, 11, 11, 23, 11, 11, 12, 11, 15, 16, 22, 13, 15, 18, 10, 22, 10, 19, 12, 19, 17, 9, 20, 12, 12, 8, 11, 13, 14, 15, 9, 11, 9, 9, 16, 15, 13, 13, 15, 8, 15, 17, 18, 10, 12, 15, 20, 9, 6, 13, 15, 14, 14, 11, 15, 17, 20, 16, 11, 15, 15, 20, 15, 14, 20, 18, 12, 10, 16, 13, 12, 14, 8, 19, 9, 16, 14, 9, 13, 11, 9, 9, 15, 10, 22, 13, 16, 12, 14, 12, 9, 18, 25, 16, 13, 11, 16, 10, 11, 8, 7, 15, 12, 17, 14, 16, 19, 11, 13, 11, 12, 18, 16, 18, 26, 20, 10, 16, 18, 11, 18, 16, 22, 11, 12, 19, 11, 14, 18, 20, 15, 7, 13, 18, 10, 14, 19, 13, 16, 12, 17, 9, 17, 15, 13, 13, 14, 10, 10, 14, 10, 17, 14, 21, 11, 20, 11, 13, 18, 14, 19, 15, 19, 6, 18, 13, 17, 12, 13, 14, 9, 17, 10, 12, 15, 13, 10, 13, 12, 10, 14, 11, 15, 9, 12, 19, 12, 10, 6, 19, 10, 12, 11, 14, 17, 18, 10, 10, 20, 18, 20, 14, 12, 17, 20, 13, 18, 14, 6, 15, 19, 15, 17, 20, 15, 15, 22, 21, 20, 20, 21, 15, 22, 24, 20, 19, 19, 14, 12, 18, 17, 13, 19, 12, 16, 6, 13, 13, 19, 14, 22, 25, 25, 16, 14, 13, 17, 16, 13, 13, 16, 14, 14, 16, 12, 14, 18, 16, 21, 19, 20, 25, 32, 24, 19, 22, 21, 22, 19, 33, 21, 21, 24, 22, 24, 33, 41, 26, 15, 21, 21, 27, 24, 17, 24, 11, 14, 21, 19, 13, 18, 10, 16, 18, 14, 19, 16, 15, 16, 14, 14, 18, 19, 12, 15, 14, 16, 18, 15, 12, 17, 19, 11, 13, 15, 15, 16, 12, 25, 23, 17, 26, 34, 29, 22, 15, 19, 16, 14, 13, 13, 19, 23, 14, 19, 22, 24, 18, 24, 22, 15, 16, 18, 9, 21, 23, 17, 15, 24, 11, 21, 20, 23, 15, 14, 26, 22, 23, 19, 21, 11, 11, 14, 19, 17, 17, 17, 23, 23, 17, 20, 18, 24, 24, 30, 17, 20, 22, 19, 18, 17, 27, 18, 25, 17, 23, 19, 22, 16, 19, 21, 20, 19, 27, 16, 16, 10, 12, 30, 20, 28, 25, 20, 19, 15, 29, 19, 18, 21, 15, 22, 20, 14, 31, 24, 27, 26, 17, 23, 20, 16, 29, 35, 22, 19, 28, 21, 29, 35, 24, 34, 17, 14, 26, 24, 27, 27, 19, 19, 21, 39, 34, 31, 36, 35, 23, 15, 22, 20, 33, 25, 26, 18, 23, 24, 27, 33, 30, 18, 26, 20, 26, 21, 28, 23, 18, 21, 27, 32, 28, 38, 32, 32, 51, 52, 55, 35, 26, 30, 47, 33, 43, 30, 36, 39, 33, 30, 30, 39, 24, 32, 28, 35, 40, 39, 26, 36, 41, 45, 34, 36, 35, 29, 29, 33, 41, 32, 31, 28, 28, 28, 34, 35, 44, 41, 29, 38, 32, 42, 44, 40, 35, 29, 32, 23, 36, 26, 28, 31, 18, 22, 26, 31, 26, 24, 24, 25, 23, 17, 27, 28, 32, 26, 33, 23, 28, 21, 26, 11, 34, 16, 25, 28, 28, 28, 21, 34, 28, 35, 30, 33, 38, 30, 24, 29, 28, 32, 33, 32, 37, 36, 28, 29, 29, 35, 38, 34, 28, 31, 19, 35, 26, 31, 37, 32, 29, 43, 31, 36, 31, 35, 40, 35, 23, 19, 36, 29, 32, 32, 22, 27, 27, 27, 31, 36, 35, 24, 25, 37, 34, 36, 25, 32, 17, 26, 28, 26, 21, 34, 22, 22, 19, 27, 23, 36, 21, 23, 21, 20, 23, 25, 37, 34, 22, 26, 21, 21, 40, 26, 39, 26, 31, 29, 23, 24, 26, 20, 28, 27, 21, 26, 25, 18, 17, 26, 23, 25, 29, 28, 37, 26, 22, 28, 27, 32, 33, 35, 43, 28, 24, 29, 29, 30, 30, 26, 33, 26, 34, 35, 37, 35, 42, 35, 27, 41, 38, 41, 34, 18, 34, 31, 38, 41, 37, 26, 31, 35, 29, 34, 23, 39, 34, 31, 39, 29, 26, 24, 38, 40, 35, 25, 29, 26, 38, 33, 26, 34, 26, 41, 41, 30, 34, 50, 32, 36, 27, 29, 33, 45, 30, 26, 31, 22, 38, 28, 36, 28, 30, 30, 28, 32, 35, 31, 39, 41, 58, 48, 39, 48, 84, 99, 90, 109, 111, 133, 128, 158, 179, 151, 145, 135, 174, 132, 122, 100, 117, 90, 84, 73, 76, 78, 109, 87, 95, 76, 88, 91, 75, 76, 100, 92, 63, 57, 80, 84, 71, 72, 78, 68, 63, 81, 52, 67, 65, 66, 87, 68, 76, 65, 73, 81, 69, 66, 52, 69, 65, 72, 63, 79, 72, 70, 70, 59, 66, 70, 57, 56, 48, 55, 62, 101, 87, 91, 87, 73, 78, 77, 82, 75, 81, 69, 84, 70, 90, 70, 82, 80, 83, 85, 67, 64, 85, 68, 83, 61, 55, 55, 54, 65, 68, 69, 51, 63, 44, 60, 50, 53, 49, 52, 52, 49, 54, 50, 54, 52, 51, 40, 48, 52, 46, 49, 53, 46, 62, 53, 39, 63, 62, 56, 58, 41, 47, 57, 41, 51, 53, 50, 46, 58, 57, 67, 49, 67, 43, 47, 61, 57, 51, 56, 63, 47, 64, 64, 73, 72, 45, 56, 58, 37, 49, 57, 58, 38, 44, 39, 53, 55, 58, 54, 55, 59, 65, 57, 68, 66, 72, 60, 62, 64, 61, 54, 58, 70, 72, 70, 71, 74, 79, 72, 73, 74, 69, 61, 61, 67, 45, 79, 69, 68, 61, 60, 80, 76, 66, 76, 86, 72, 62, 98, 62, 79, 66, 70, 60, 74, 69, 80, 56, 60, 82, 68, 49, 57, 48, 62, 62, 64, 50, 48, 48, 63, 62, 56, 52, 46, 31, 44, 51, 47, 47, 44, 57, 54, 51, 48, 51, 60, 78, 62, 46, 65, 66, 42, 67, 66, 43, 44, 48, 46, 51, 47, 58, 52, 32, 34, 44, 32, 35, 42, 34, 40, 38, 58, 42, 36, 44, 40, 32, 38, 41, 40, 45, 37, 41, 45, 24, 40, 26, 37, 42, 40, 58, 57, 62, 64, 61, 61, 47, 67, 48, 58, 58, 59, 54, 40, 48, 43, 62, 43, 47, 55, 62, 61, 53, 57, 64, 69, 59, 59, 189, 200, 110, 95, 72, 90, 76, 72, 85, 92, 68, 56, 53, 68, 48, 49, 52, 53, 52, 66, 58, 47, 63, 58, 67, 56, 56, 47, 58, 32, 44, 46, 41, 46, 41, 39, 46, 45, 64, 53, 70, 72, 64, 66, 90, 96, 83, 75, 77, 82, 86, 84, 82, 71, 86, 80, 78, 79, 70, 66, 86, 80, 79, 71, 73, 83, 78, 88, 63, 67, 78, 84, 85, 83, 67, 73, 80, 84, 66, 59, 74, 73, 66, 73, 53, 64, 64, 83, 56, 85, 73, 61, 62, 59, 50, 57, 57, 66, 46, 60, 60, 51, 58, 74, 42, 74, 50, 54, 62, 73, 74, 77, 69, 57, 60, 79, 69, 67, 59, 42, 61, 68, 77, 73, 62, 65, 54, 70, 66, 76, 71, 73, 62, 62, 73, 61, 61, 72, 65, 66, 50, 48, 59, 65, 60, 81, 87, 75, 81, 59, 68, 67, 69, 71, 56, 56, 60, 63, 71, 54, 100, 71, 61, 58, 103, 70, 71, 66, 60, 48, 57, 71, 81, 72, 89, 81, 116, 87, 76, 69, 59, 71, 66, 71, 60, 59, 61, 66, 66, 54, 72, 63, 58, 72, 61, 64, 41, 55, 63, 63, 77, 62, 66, 69, 54, 60, 77, 71, 67, 80, 68, 63, 74, 73, 84, 90, 81, 68, 74, 90, 92, 131, 76, 59, 51, 66, 96, 76, 72, 64, 66, 62, 76, 58, 83, 86, 64, 68, 98, 72, 85, 74, 70, 59, 64, 66, 66, 66, 85, 79, 85, 108, 83, 78, 84, 90, 73, 78, 61, 79, 66, 66, 63, 74, 70, 79, 60, 73, 64, 70, 79, 82, 89, 75, 77, 57, 62, 69, 73, 70, 65, 76, 75, 89, 70, 62, 68, 69, 86, 72, 73, 63, 71, 68, 76, 60, 79, 73, 81, 52, 63, 52, 46, 55, 42, 47, 54, 32, 64, 48, 38, 57, 41, 56, 58, 44, 53, 42, 61, 66, 54, 51, 61, 66, 67, 62, 64, 47, 49, 50, 65, 55, 50, 69, 64, 59, 72, 65, 75, 64, 68, 73, 66, 82, 97, 80, 69, 82, 91, 77, 69, 80, 88, 87, 89, 74, 63, 73, 78, 78, 73, 66, 71, 98, 61, 78, 72, 78, 77, 86, 77, 111, 81, 52, 52, 68, 69, 77, 55, 68, 79, 61, 72, 95, 74, 93, 87, 67, 86, 66, 74, 58, 52, 76, 78, 77, 82, 79, 83, 77, 74, 68, 71, 71, 78, 81, 62, 78, 88, 100, 99, 100, 87, 94, 87, 97, 100, 110, 110, 104, 85, 98, 102, 99, 104, 104, 102, 85, 85, 127, 93, 140, 126, 113, 103, 106, 119, 145, 168, 176, 187, 167, 170, 175, 140, 164, 151, 121, 111, 118, 120, 129, 114, 104, 135, 102, 110, 111, 110, 126, 117, 124, 118, 126, 120, 150, 147, 166, 149, 148, 147, 130, 158, 159, 168, 177, 181, 175, 157, 163, 121, 120, 123, 139, 131, 102, 124, 135, 141, 142, 155, 149, 146, 163, 134, 144, 127, 138, 160, 145, 124, 150, 146, 138, 152, 138, 172, 168, 116, 139, 129, 164, 133, 161, 161, 149, 146, 148, 159, 170, 171, 165, 231, 139, 143, 141, 158, 142, 164, 160, 133, 144, 139, 152, 165, 183, 167, 145, 140, 158, 174, 189, 171, 178, 179, 193, 166, 199, 176, 194, 166, 191, 187, 205, 203, 190, 222, 218, 205, 195, 183, 216, 223, 219, 224, 224, 230, 197, 227, 258, 249, 222, 213, 221, 235, 206, 219, 223, 224, 205, 242, 230, 205, 233, 210, 215, 228, 193, 194, 206, 215, 200, 233, 185, 206, 201, 216, 166, 199, 217, 207, 167, 184, 194, 215, 216, 182, 174, 151, 181, 158, 173, 190, 177, 189, 144, 206, 165, 199, 219, 208, 185, 192, 224, 230, 223, 236, 221, 207, 208, 219, 211, 188, 224, 226, 206, 176, 208, 218, 165, 158, 166, 187, 167, 170, 202, 181, 201, 184, 184, 175, 178, 161, 215, 187, 165, 183, 185, 197, 170, 189, 192, 163, 208, 173, 165, 191, 211, 226, 248, 270, 261, 245, 277, 275, 267, 202, 207, 162, 187, 190, 153, 217, 203, 208, 218, 242, 224, 195, 255, 200, 213, 168, 204, 201, 212, 231, 208, 203, 189, 182, 193, 249, 159, 177, 155, 177, 176, 158, 150, 167, 162, 175, 174, 172, 180, 147, 207, 215, 193, 173, 174, 178, 198, 178, 202, 180, 170, 159, 200, 225, 210, 213, 218, 198, 217, 178, 234, 202, 191, 222, 183, 206, 170, 223, 229, 243, 248, 243, 259, 239, 252, 268, 275, 289, 272, 284, 278, 239, 221, 183, 196, 228, 186, 188, 180, 167, 183, 186, 208, 163, 172, 173, 172, 193, 197, 202, 213, 217, 277, 267, 262, 300, 262, 270, 315, 291, 283, 356, 361, 385, 348, 320, 281, 257, 277, 266, 274, 213, 217, 258, 238, 216, 190, 221, 237, 235, 251, 242, 268, 244, 289, 258, 294, 279, 301, 340, 291, 302, 271, 329, 308, 357, 322, 354, 358, 326, 313, 313, 262, 290, 271, 262, 238, 281, 329, 314, 365, 324, 357, 343, 354, 319, 339, 343, 367, 315, 336, 411, 406, 407, 378, 406, 362, 400, 410, 372, 513, 557, 561, 453, 499, 599, 495, 476, 451, 521, 473, 506, 529, 461, 422, 419, 393, 346, 372, 454, 442, 571, 498, 448, 401]

df = pd.DataFrame(list(zip(Acquisition_date, Facebook, Google_Adwords, Media_Buying, ORGANIC)), columns = ["Acquisition date","Facebook","Google Adwords","Media Buying","ORGANIC"])


'''
Data Wrangling
'''

df['Acquisition date'] = pd.to_datetime(df['Acquisition date'])
df['day'] = df['Acquisition date'].dt.day_name()
df['month'] = df['Acquisition date'].dt.month_name()
dummy = pd.get_dummies(df['day'])
df = df.merge(dummy, left_index=True, right_index=True)
dummy = pd.get_dummies(df['month'])
df = df.merge(dummy, left_index=True, right_index=True)

ts_org = pd.Series(df['ORGANIC'].values, index=df['Acquisition date'])
ts_fac = pd.Series(df['Facebook'].values, index=df['Acquisition date'])
ts_goo = pd.Series(df['Google Adwords'].values, index=df['Acquisition date'])
ts_med = pd.Series(df['Media Buying'].values, index=df['Acquisition date'])



# Data wrangling to compute bayesian effect
tmp_alpha = 0.5
org_exp_smoothed = ts_org.ewm(alpha=tmp_alpha).mean()
fac_exp_smoothed = ts_fac.ewm(alpha=tmp_alpha).mean()
goo_exp_smoothed = ts_goo.ewm(alpha=tmp_alpha).mean()
med_exp_smoothed = ts_med.ewm(alpha=tmp_alpha).mean()

ts_channel = pd.concat([org_exp_smoothed, fac_exp_smoothed, goo_exp_smoothed, med_exp_smoothed], axis=1)
ts_channel.columns = ['ORGANIC ESmo', 'Facebook ESmo', 'Google Adwords ESmo', 'Media Buying ESmo']

df = pd.merge(df, ts_channel, left_on='Acquisition date', right_index=True)


'''
Ploting exponential smooth series
'''

plt.figure(figsize=(10,5))
plt.plot(ts_org, label="ts_org")
plt.plot(ts_fac, label="ts_fac")
plt.plot(ts_goo, label="ts_goo")
plt.plot(ts_med, label="ts_med")
plt.plot(org_exp_smoothed, label="ts_org_exp")
plt.plot(fac_exp_smoothed, label="ts_fac_exp")
plt.plot(goo_exp_smoothed, label="ts_goo_exp")
plt.plot(med_exp_smoothed, label="ts_med_exp")
plt.legend()
plt.show()


# Target and Predictors
#x = df.drop(['Acquisition date', 'day','month','ORGANIC', 'Facebook', 'Google Adwords', 'Media Buying'], axis = 1)
x = df.drop(['Acquisition date', 'day','month','ORGANIC', 'Facebook', 'Google Adwords', 'Media Buying', 'ORGANIC ESmo'], axis = 1)
y = df['ORGANIC']

# Test and train
train_x, test_x, train_y, test_y = train_test_split(x,y,test_size =0.3, random_state=1)

# linear model and Elastic net
lm = LinearRegression()
lm_elastic = ElasticNet()

lm.fit(train_x, train_y)
lm_elastic.fit(train_x, train_y)

'''
# Not required as elastic net out prerformed

plt.figure(figsize=(10,5))
ft_importances_lm = pd.Series(lm.coef_, index = x.columns)
ft_importances_lm.plot(kind='barh')
plt.show()
'''

'''
Plot Elastic net coeffients
'''
plt.figure(figsize=(10,5))
ft_importances_lm = pd.Series(lm_elastic.coef_, index = x.columns)
ft_importances_lm.plot(kind='barh')
plt.show()

'''
R squares
'''
print("R square for lm", np.round(lm.score(test_x,test_y)*100, 2))
print("R square for elasticnet", np.round(lm_elastic.score(test_x,test_y)*100, 2))

'''
Prediction on test set
'''
predict_test_lm = lm.predict(test_x)
predict_test_elastic = lm_elastic.predict(test_x)

'''
Accuracy
'''
print("rmse for lm", np.round(np.sqrt(metrics.mean_squared_error(test_y, predict_test_lm)),2))
print("rmse for lm_elastic", np.round(np.sqrt(metrics.mean_squared_error(test_y, predict_test_elastic)),2))

'''
Final model coeff
'''
final_models = pd.concat([pd.Series(x.columns), pd.Series(lm.coef_), pd.Series(lm_elastic.coef_)], axis=1)
final_models.columns = ['Variables', 'LM Coef', 'ElasticNet Coef']
final_models


'''
Write file
'''

#final_models.to_csv(r'C:\Users\admin\Desktop\BayesianElasticNet.csv')
#final_models.to_csv(r'C:\Users\admin\Desktop\BayesianElasticNetI.csv')




'''
Data from file 
1 aug 2016 - 17-Nov-19
'''
# Reading affiliates level data
pattern = ['date_date_date','organic_organic_organic','media buying']
df = pd.read_csv(r'C:\Users\admin\Desktop\conv.csv', na_values=['(NA)']).fillna(0)
df = df.filter(regex = '|'.join(pattern)) 
df['date_date_date'] = pd.to_datetime(df['date_date_date'])

# Dropping all 0 columns
df = df.loc[:, (df != 0).any(axis=0)]
# df.to_csv(r'C:\Users\admin\Desktop\new_conv.csv')

# Selecting relivent columns only

from itertools import compress
colsel = df.columns.tolist()
tosel = df.columns.str.contains('media buying').tolist()

# Data wrangling to compute bayesian effect using Esmo
tmp_alpha = 0.5 # alpha=tmp_alpha
windowSize = 10 # span=windowSize 
moddf = df[list(compress(colsel, tosel))].ewm(span=windowSize).mean().round(0).astype(int)
# moddf.to_csv(r'C:\Users\admin\Desktop\moddfnew_conv.csv')

# Target and Predictors
x = moddf
y = df['organic_organic_organic']

# Test and train
train_x, test_x, train_y, test_y = train_test_split(x,y,test_size =0.3, random_state=1)

# linear model and Elastic net
lm = LinearRegression()
lm_elastic = ElasticNet()

lm.fit(train_x, train_y)
lm_elastic.fit(train_x, train_y)

'''
Plot Elastic net coeffients
'''
plt.figure(figsize=(10,5))
ft_importances_lm = pd.Series(lm_elastic.coef_, index = x.columns)
ft_importances_lm.plot(kind='barh')
plt.show()

'''
R squares
'''
print("R square for lm", np.round(lm.score(test_x,test_y)*100, 2))
print("R square for elasticnet", np.round(lm_elastic.score(test_x,test_y)*100, 2))

'''
Prediction on test set
'''
predict_test_lm = lm.predict(test_x)
predict_test_elastic = lm_elastic.predict(test_x)

'''
Accuracy
'''
print("rmse for lm", np.round(np.sqrt(metrics.mean_squared_error(test_y, predict_test_lm)),2))
print("rmse for lm_elastic", np.round(np.sqrt(metrics.mean_squared_error(test_y, predict_test_elastic)),2))

'''
Final model coeff
'''
final_models = pd.concat([pd.Series(x.columns), pd.Series(lm.coef_), pd.Series(lm_elastic.coef_)], axis=1)
final_models.columns = ['Variables', 'LM Coef', 'ElasticNet Coef']
final_models

# final_models.to_csv(r'C:\Users\admin\Desktop\AffiliatesBayesianElasticNetI.csv')
#moddf.tail().to_csv(r'C:\Users\admin\Desktop\tail.csv')
final = pd.merge(df, moddf, left_index=True, right_index=True)
final.tail().to_csv(r'C:\Users\admin\Desktop\finaltail.csv')


# rerun

moddf = moddf[list(compress(pd.Series(lm_elastic.coef_), pd.Series(lm_elastic.coef_) != 0))]
prediction = pd.DataFrame({"original" : test_y, "predicted" : predict_test_elastic})
prediction.to_csv(r'C:\Users\admin\Desktop\predi.csv')
